32 mV

0000 0000	0
0000 1000	41.6
0001 0000	83.39
0001 1000	125.36

0010 0000	166.7
0010 1000	208.35
0011 0000	250.12
0011 1000	291.71

0100 0000	333.47
0100 1000	375.08
0101 0000	416.69
0101 1000	458.29

0110 0000	499.98
0110 1000	541.56
0111 0000	583.07
0111 1000	624.63

1000 0000	666.26
1000 1000	707.80
1001 0000	749.50
1001 1000	791.05

1010 0000	832.71
1010 1000	874.24
1011 0000	915.86
1011 1000	957.36

1100 0000	998.86
1100 1000	1040.28
1101 0000	1081.79
1101 1000	1123.20

1110 0000	1164.70
1110 1000	1206.00
1111 0000	1247.50
1111 1000	1288.70

